0005 1607 0002 0000 4d61 6320 4f53 2058
2020 2020 2020 2020 0002 0000 0009 0000
0032 0000 00a2 0000 0002 0000 00d4 0000
0000 2020 2020 2020 2020 4010 0000 0000
0000 0000 0000 0000 0000 0000 0000 0000
0000 0000 4154 5452 0000 0000 0000 00d4
0000 0098 0000 003c 0000 0000 0000 0000
0000 0000 0000 0001 0000 0098 0000 003c
0000 1563 6f6d 2e61 7070 6c65 2e71 7561
7261 6e74 696e 6500 712f 3030 3831 3b35
6661 3237 6537 663b 4368 726f 6d65 3b44
3233 4537 4337 352d 4642 4233 2d34 3041
442d 4242 4239 2d35 4530 3538 4632 3638
3138 4400 
